MONTHS WHERE COMBINED_METRIC > 0.005 AND CORPUS_RETURN < 0
============================================================

     month  mean_performance  count  corpus_return  monthly_combined  k_percent
2018-02-01          0.005302     58      -0.018812          0.284336   2.500000
2018-02-01          0.005302     58      -0.018812          0.284336   3.000000
2018-02-01          0.005302     58      -0.018812          0.284336   3.500000
2020-05-01          0.007762     44      -0.047386          0.323934   3.500000
2018-02-01          0.005302     58      -0.018812          0.284336   4.000000
2020-05-01          0.007762     44      -0.047386          0.323934   4.000000
2018-02-01          0.005302     58      -0.018812          0.284336   4.500000
2020-05-01          0.007762     44      -0.047386          0.323934   4.500000
2018-01-01          0.002470     51      -0.021940          0.105562   5.000000
2020-05-01          0.007762     44      -0.047386          0.323934   5.000000
2018-01-01          0.002470     51      -0.021940          0.105562   5.500000
2020-05-01          0.007762     44      -0.047386          0.323934   5.500000
2018-01-01          0.002470     51      -0.021940          0.105562   6.000000
2020-01-01          0.013802     29      -0.009330          0.388667   6.000000
2020-05-01          0.007762     44      -0.047386          0.323934   6.000000
2018-01-01          0.002470     51      -0.021940          0.105562   6.500000
2020-01-01          0.013802     29      -0.009330          0.388667   6.500000
2020-03-01          0.018344     14      -0.015188          0.251220   6.500000
2020-05-01          0.003018     77      -0.088691          0.201581   6.500000
2020-08-01          0.009217     19      -0.057719          0.167529   6.500000
2021-02-01          0.000617     28      -0.030296          0.006076   6.500000
2018-01-01          0.002470     51      -0.021940          0.105562   7.000000
2020-01-01          0.013802     29      -0.009330          0.388667   7.000000
2020-03-01          0.018344     14      -0.015188          0.251220   7.000000
2020-05-01          0.003018     77      -0.088691          0.201581   7.000000
2020-08-01          0.009217     19      -0.057719          0.167529   7.000000
2021-02-01          0.000617     28      -0.030296          0.006076   7.000000
2018-01-01          0.001452     97      -0.018187          0.102007   7.500000
2018-05-01          0.002355    100      -0.034292          0.195509   7.500000
2020-01-01          0.013802     29      -0.009330          0.388667   7.500000
2020-03-01          0.018344     14      -0.015188          0.251220   7.500000
2020-05-01          0.003018     77      -0.088691          0.201581   7.500000
2020-08-01          0.009217     19      -0.057719          0.167529   7.500000
2021-02-01          0.000617     28      -0.030296          0.006076   7.500000
2018-01-01          0.001452     97      -0.018187          0.102007   8.000000
2018-05-01          0.002355    100      -0.034292          0.195509   8.000000
2020-01-01          0.013802     29      -0.009330          0.388667   8.000000
2020-03-01          0.018344     14      -0.015188          0.251220   8.000000
2020-05-01          0.003018     77      -0.088691          0.201581   8.000000
2020-08-01          0.009217     19      -0.057719          0.167529   8.000000
2021-02-01          0.000617     28      -0.030296          0.006076   8.000000
2018-01-01          0.001452     97      -0.018187          0.102007   8.500000
2018-05-01          0.002355    100      -0.034292          0.195509   8.500000
2020-01-01          0.013802     29      -0.009330          0.388667   8.500000
2020-03-01          0.018344     14      -0.015188          0.251220   8.500000
2020-05-01          0.003018     77      -0.088691          0.201581   8.500000
2020-08-01          0.009217     19      -0.057719          0.167529   8.500000
2021-02-01          0.000617     28      -0.030296          0.006076   8.500000
2018-01-01          0.001452     97      -0.018187          0.102007   9.000000
2018-05-01          0.002355    100      -0.034292          0.195509   9.000000
2020-01-01          0.013802     29      -0.009330          0.388667   9.000000
2020-03-01          0.018344     14      -0.015188          0.251220   9.000000
2020-05-01          0.003018     77      -0.088691          0.201581   9.000000
2020-08-01          0.009217     19      -0.057719          0.167529   9.000000
2020-10-01          0.000836     57      -0.016396          0.024832   9.000000
2021-02-01          0.000617     28      -0.030296          0.006076   9.000000
2018-01-01          0.001452     97      -0.018187          0.102007   9.500000
2018-05-01          0.002355    100      -0.034292          0.195509   9.500000
2020-01-01          0.013802     29      -0.009330          0.388667   9.500000
2020-03-01          0.016181     17      -0.008221          0.268271   9.500000
2020-08-01          0.018660     20      -0.046071          0.365208   9.500000
2020-10-01          0.000836     57      -0.016396          0.024832   9.500000
2018-02-01          0.009679     84      -0.024955          0.779458  10.000000
2018-05-01          0.002985    111      -0.024966          0.286946  10.000000
2020-01-01          0.013802     29      -0.009330          0.388667  10.000000
2020-03-01          0.016181     17      -0.008221          0.268271  10.000000
2020-08-01          0.018660     20      -0.046071          0.365208  10.000000
2020-10-01          0.000836     57      -0.016396          0.024832  10.000000
2018-02-01          0.009679     84      -0.024955          0.779458  10.500000
2018-05-01          0.002985    111      -0.024966          0.286946  10.500000
2020-01-01          0.013802     29      -0.009330          0.388667  10.500000
2020-03-01          0.016181     17      -0.008221          0.268271  10.500000
2020-08-01          0.018660     20      -0.046071          0.365208  10.500000
2020-10-01          0.000836     57      -0.016396          0.024832  10.500000
2022-05-01          0.013161     29      -0.004109          0.370080  10.500000
2018-02-01          0.009679     84      -0.024955          0.779458  11.000000
2018-05-01          0.002985    111      -0.024966          0.286946  11.000000
2020-01-01          0.013802     29      -0.009330          0.388667  11.000000
2020-03-01          0.016181     17      -0.008221          0.268271  11.000000
2020-08-01          0.018660     20      -0.046071          0.365208  11.000000
2020-10-01          0.000836     57      -0.016396          0.024832  11.000000
2022-05-01          0.013161     29      -0.004109          0.370080  11.000000
2018-02-01          0.009679     84      -0.024955          0.779458  11.500000
2018-05-01          0.002985    111      -0.024966          0.286946  11.500000
2020-01-01          0.013802     29      -0.009330          0.388667  11.500000
2020-03-01          0.016181     17      -0.008221          0.268271  11.500000
2020-08-01          0.018660     20      -0.046071          0.365208  11.500000
2020-10-01          0.000836     57      -0.016396          0.024832  11.500000
2022-05-01          0.013161     29      -0.004109          0.370080  11.500000
2018-02-01          0.008243    187      -0.014489          1.466726  12.000000
2018-05-01          0.002985    111      -0.024966          0.286946  12.000000
2020-01-01          0.013802     29      -0.009330          0.388667  12.000000
2020-03-01          0.016181     17      -0.008221          0.268271  12.000000
2020-08-01          0.018660     20      -0.046071          0.365208  12.000000
2020-12-01          0.004009     19      -0.004654          0.068573  12.000000
2022-05-01          0.013161     29      -0.004109          0.370080  12.000000
2018-01-01          0.001230    108      -0.008817          0.089652  12.500000
2018-02-01          0.008243    187      -0.014489          1.466726  12.500000
2018-05-01          0.002985    111      -0.024966          0.286946  12.500000
2020-01-01          0.013802     29      -0.009330          0.388667  12.500000
2020-03-01          0.016181     17      -0.008221          0.268271  12.500000
2020-08-01          0.018481     22      -0.037391          0.397775  12.500000
2020-12-01          0.004009     19      -0.004654          0.068573  12.500000
2021-05-01          0.003182     32      -0.021913          0.089010  12.500000
2022-05-01          0.013161     29      -0.004109          0.370080  12.500000
2018-01-01          0.001230    108      -0.008817          0.089652  13.000000
2018-02-01          0.008243    187      -0.014489          1.466726  13.000000
2018-05-01          0.002985    111      -0.024966          0.286946  13.000000
2020-01-01          0.013802     29      -0.009330          0.388667  13.000000
2020-03-01          0.016181     17      -0.008221          0.268271  13.000000
2020-08-01          0.018481     22      -0.037391          0.397775  13.000000
2020-12-01          0.004009     19      -0.004654          0.068573  13.000000
2021-05-01          0.003182     32      -0.021913          0.089010  13.000000
2022-05-01          0.013161     29      -0.004109          0.370080  13.000000
2018-01-01          0.001230    108      -0.008817          0.089652  13.500000
2018-02-01          0.008243    187      -0.014489          1.466726  13.500000
2018-05-01          0.002985    111      -0.024966          0.286946  13.500000
2020-01-01          0.013802     29      -0.009330          0.388667  13.500000
2020-03-01          0.016181     17      -0.008221          0.268271  13.500000
2020-08-01          0.018481     22      -0.037391          0.397775  13.500000
2020-12-01          0.004009     19      -0.004654          0.068573  13.500000
2021-05-01          0.003182     32      -0.021913          0.089010  13.500000
2022-05-01          0.013161     29      -0.004109          0.370080  13.500000
2018-01-01          0.001230    108      -0.008817          0.089652  14.000000
2018-02-01          0.008243    187      -0.014489          1.466726  14.000000
2018-05-01          0.002985    111      -0.024966          0.286946  14.000000
2020-01-01          0.013802     29      -0.009330          0.388667  14.000000
2020-03-01          0.016181     17      -0.008221          0.268271  14.000000
2020-08-01          0.018481     22      -0.037391          0.397775  14.000000
2020-12-01          0.004009     19      -0.004654          0.068573  14.000000
2021-05-01          0.003182     32      -0.021913          0.089010  14.000000
2022-05-01          0.013161     29      -0.004109          0.370080  14.000000
2018-01-01          0.001230    108      -0.008817          0.089652  14.500000
2018-02-01          0.008243    187      -0.014489          1.466726  14.500000
2018-05-01          0.003434    112      -0.024953          0.339811  14.500000
2020-01-01          0.013802     29      -0.009330          0.388667  14.500000
2020-03-01          0.016181     17      -0.008221          0.268271  14.500000
2020-07-01          0.002518    128      -0.083344          0.271117  14.500000
2020-08-01          0.018481     22      -0.037391          0.397775  14.500000
2020-12-01          0.004009     19      -0.004654          0.068573  14.500000
2021-05-01          0.003182     32      -0.021913          0.089010  14.500000
2022-05-01          0.013161     29      -0.004109          0.370080  14.500000
2018-02-01          0.008243    187      -0.014489          1.466726  15.000000
2018-05-01          0.003434    112      -0.024953          0.339811  15.000000
2020-01-01          0.013802     29      -0.009330          0.388667  15.000000
2020-03-01          0.016181     17      -0.008221          0.268271  15.000000
2020-07-01          0.002518    128      -0.083344          0.271117  15.000000
2020-08-01          0.018481     22      -0.037391          0.397775  15.000000
2021-05-01          0.003182     32      -0.021913          0.089010  15.000000
2021-12-01          0.003145     10      -0.009265          0.027452  15.000000
2022-05-01          0.013161     29      -0.004109          0.370080  15.000000
2018-02-01          0.008243    187      -0.014489          1.466726  15.500000
2018-05-01          0.003434    112      -0.024953          0.339811  15.500000
2020-01-01          0.013802     29      -0.009330          0.388667  15.500000
2020-03-01          0.016181     17      -0.008221          0.268271  15.500000
2020-07-01          0.002518    128      -0.083344          0.271117  15.500000
2020-08-01          0.015311     86      -0.043574          1.282311  15.500000
2021-05-01          0.003182     32      -0.021913          0.089010  15.500000
2021-12-01          0.003145     10      -0.009265          0.027452  15.500000
2022-05-01          0.013161     29      -0.004109          0.370080  15.500000
2022-09-01          0.002180     19      -0.006132          0.033815  15.500000
2018-02-01          0.008243    187      -0.014489          1.466726  16.000000
2018-05-01          0.003434    112      -0.024953          0.339811  16.000000
2020-01-01          0.013802     29      -0.009330          0.388667  16.000000
2020-03-01          0.016181     17      -0.008221          0.268271  16.000000
2020-07-01          0.002518    128      -0.083344          0.271117  16.000000
2020-08-01          0.015311     86      -0.043574          1.282311  16.000000
2021-05-01          0.003182     32      -0.021913          0.089010  16.000000
2021-12-01          0.003145     10      -0.009265          0.027452  16.000000
2022-05-01          0.013161     29      -0.004109          0.370080  16.000000
2022-09-01          0.002180     19      -0.006132          0.033815  16.000000
2018-02-01          0.008243    187      -0.014489          1.466726  16.500000
2018-05-01          0.003434    112      -0.024953          0.339811  16.500000
2020-01-01          0.013802     29      -0.009330          0.388667  16.500000
2020-03-01          0.016181     17      -0.008221          0.268271  16.500000
2020-07-01          0.002518    128      -0.083344          0.271117  16.500000
2020-08-01          0.015311     86      -0.043574          1.282311  16.500000
2021-05-01          0.003182     32      -0.021913          0.089010  16.500000
2021-12-01          0.003145     10      -0.009265          0.027452  16.500000
2022-05-01          0.013161     29      -0.004109          0.370080  16.500000
2022-09-01          0.002180     19      -0.006132          0.033815  16.500000
2018-02-01          0.003545    188      -0.020652          0.591169  17.000000
2020-01-01          0.013802     29      -0.009330          0.388667  17.000000
2020-03-01          0.016181     17      -0.008221          0.268271  17.000000
2020-07-01          0.002518    128      -0.083344          0.271117  17.000000
2020-08-01          0.015311     86      -0.043574          1.282311  17.000000
2021-05-01          0.003182     32      -0.021913          0.089010  17.000000
2021-12-01          0.003145     10      -0.009265          0.027452  17.000000
2022-05-01          0.004431     40      -0.062183          0.161258  17.000000
2022-09-01          0.002180     19      -0.006132          0.033815  17.000000
2018-02-01          0.003545    188      -0.020652          0.591169  17.500000
2020-01-01          0.013802     29      -0.009330          0.388667  17.500000
2020-03-01          0.016181     17      -0.008221          0.268271  17.500000
2020-08-01          0.015311     86      -0.043574          1.282311  17.500000
2021-05-01          0.003182     32      -0.021913          0.089010  17.500000
2021-12-01          0.003145     10      -0.009265          0.027452  17.500000
2022-05-01          0.004431     40      -0.062183          0.161258  17.500000
2022-09-01          0.002180     19      -0.006132          0.033815  17.500000
2018-02-01          0.003545    188      -0.020652          0.591169  18.000000
2020-01-01          0.013802     29      -0.009330          0.388667  18.000000
2020-03-01          0.016181     17      -0.008221          0.268271  18.000000
2020-08-01          0.015311     86      -0.043574          1.282311  18.000000
2021-05-01          0.003182     32      -0.021913          0.089010  18.000000
2021-12-01          0.003145     10      -0.009265          0.027452  18.000000
2022-05-01          0.004431     40      -0.062183          0.161258  18.000000
2022-09-01          0.002180     19      -0.006132          0.033815  18.000000
2022-11-01          0.001903    102      -0.018029          0.153255  18.000000
2018-02-01          0.003545    188      -0.020652          0.591169  18.500000
2020-01-01          0.013802     29      -0.009330          0.388667  18.500000
2020-03-01          0.016181     17      -0.008221          0.268271  18.500000
2020-08-01          0.015311     86      -0.043574          1.282311  18.500000
2021-05-01          0.003182     32      -0.021913          0.089010  18.500000
2021-12-01          0.003145     10      -0.009265          0.027452  18.500000
2022-05-01          0.004431     40      -0.062183          0.161258  18.500000
2022-09-01          0.002180     19      -0.006132          0.033815  18.500000
2022-11-01          0.001903    102      -0.018029          0.153255  18.500000
2018-02-01          0.003545    188      -0.020652          0.591169  19.000000
2020-01-01          0.013802     29      -0.009330          0.388667  19.000000
2020-03-01          0.016181     17      -0.008221          0.268271  19.000000
2020-08-01          0.015311     86      -0.043574          1.282311  19.000000
2021-05-01          0.003182     32      -0.021913          0.089010  19.000000
2021-12-01          0.003145     10      -0.009265          0.027452  19.000000
2022-05-01          0.004431     40      -0.062183          0.161258  19.000000
2022-07-01          0.004424     26      -0.003637          0.104628  19.000000
2022-09-01          0.002180     19      -0.006132          0.033815  19.000000
2022-11-01          0.001903    102      -0.018029          0.153255  19.000000
2018-02-01          0.001648    190      -0.023881          0.237081  19.500000
2020-01-01          0.013802     29      -0.009330          0.388667  19.500000
2020-03-01          0.016181     17      -0.008221          0.268271  19.500000
2020-08-01          0.015311     86      -0.043574          1.282311  19.500000
2021-05-01          0.003182     32      -0.021913          0.089010  19.500000
2021-12-01          0.003145     10      -0.009265          0.027452  19.500000
2022-05-01          0.004431     40      -0.062183          0.161258  19.500000
2022-07-01          0.004424     26      -0.003637          0.104628  19.500000
2022-09-01          0.002180     19      -0.006132          0.033815  19.500000
2022-11-01          0.001903    102      -0.018029          0.153255  19.500000
2018-02-01          0.001648    190      -0.023881          0.237081  20.000000
2020-01-01          0.013802     29      -0.009330          0.388667  20.000000
2020-03-01          0.016181     17      -0.008221          0.268271  20.000000
2020-08-01          0.015311     86      -0.043574          1.282311  20.000000
2021-05-01          0.003182     32      -0.021913          0.089010  20.000000
2021-12-01          0.003145     10      -0.009265          0.027452  20.000000
2022-05-01          0.004431     40      -0.062183          0.161258  20.000000
2022-07-01          0.004424     26      -0.003637          0.104628  20.000000
2022-09-01          0.002180     19      -0.006132          0.033815  20.000000
2022-11-01          0.001903    102      -0.018029          0.153255  20.000000
2018-02-01          0.001648    190      -0.023881          0.237081  20.500000
2020-01-01          0.013802     29      -0.009330          0.388667  20.500000
2020-03-01          0.016181     17      -0.008221          0.268271  20.500000
2020-07-01          0.000661    133      -0.077589          0.034703  20.500000
2020-08-01          0.015311     86      -0.043574          1.282311  20.500000
2021-05-01          0.003182     32      -0.021913          0.089010  20.500000
2021-12-01          0.003145     10      -0.009265          0.027452  20.500000
2022-07-01          0.004424     26      -0.003637          0.104628  20.500000
2022-09-01          0.002180     19      -0.006132          0.033815  20.500000
2022-11-01          0.001903    102      -0.018029          0.153255  20.500000
2018-02-01          0.001648    190      -0.023881          0.237081  21.000000
2020-01-01          0.013802     29      -0.009330          0.388667  21.000000
2020-03-01          0.016181     17      -0.008221          0.268271  21.000000
2020-07-01          0.000661    133      -0.077589          0.034703  21.000000
2020-08-01          0.015311     86      -0.043574          1.282311  21.000000
2021-05-01          0.003182     32      -0.021913          0.089010  21.000000
2021-12-01          0.004751     12      -0.005484          0.052212  21.000000
2022-07-01          0.004424     26      -0.003637          0.104628  21.000000
2022-09-01          0.002180     19      -0.006132          0.033815  21.000000
2022-11-01          0.001903    102      -0.018029          0.153255  21.000000
2018-02-01          0.000913    206      -0.039072          0.105580  21.500000
2020-01-01          0.013802     29      -0.009330          0.388667  21.500000
2020-03-01          0.016181     17      -0.008221          0.268271  21.500000
2020-07-01          0.000661    133      -0.077589          0.034703  21.500000
2020-08-01          0.015311     86      -0.043574          1.282311  21.500000
2021-05-01          0.003182     32      -0.021913          0.089010  21.500000
2021-12-01          0.004751     12      -0.005484          0.052212  21.500000
2022-07-01          0.004424     26      -0.003637          0.104628  21.500000
2022-11-01          0.001903    102      -0.018029          0.153255  21.500000
2018-02-01          0.000913    206      -0.039072          0.105580  22.000000
2020-01-01          0.013802     29      -0.009330          0.388667  22.000000
2020-03-01          0.016181     17      -0.008221          0.268271  22.000000
2020-07-01          0.000661    133      -0.077589          0.034703  22.000000
2020-08-01          0.015311     86      -0.043574          1.282311  22.000000
2021-05-01          0.003182     32      -0.021913          0.089010  22.000000
2021-12-01          0.004751     12      -0.005484          0.052212  22.000000
2022-11-01          0.001903    102      -0.018029          0.153255  22.000000
2018-02-01          0.000913    206      -0.039072          0.105580  22.500000
2020-01-01          0.010209     30      -0.008662          0.294262  22.500000
2020-03-01          0.016181     17      -0.008221          0.268271  22.500000
2020-07-01          0.000661    133      -0.077589          0.034703  22.500000
2020-08-01          0.015311     86      -0.043574          1.282311  22.500000
2021-05-01          0.003182     32      -0.021913          0.089010  22.500000
2021-12-01          0.004751     12      -0.005484          0.052212  22.500000
2022-11-01          0.001903    102      -0.018029          0.153255  22.500000
2018-02-01          0.000913    206      -0.039072          0.105580  23.000000
2020-01-01          0.010209     30      -0.008662          0.294262  23.000000
2020-03-01          0.016181     17      -0.008221          0.268271  23.000000
2020-07-01          0.000661    133      -0.077589          0.034703  23.000000
2020-08-01          0.015311     86      -0.043574          1.282311  23.000000
2021-05-01          0.003182     32      -0.021913          0.089010  23.000000
2021-12-01          0.004751     12      -0.005484          0.052212  23.000000
2022-11-01          0.001903    102      -0.018029          0.153255  23.000000
2018-02-01          0.000913    206      -0.039072          0.105580  23.500000
2020-01-01          0.010209     30      -0.008662          0.294262  23.500000
2020-03-01          0.016181     17      -0.008221          0.268271  23.500000
2020-07-01          0.000661    133      -0.077589          0.034703  23.500000
2020-08-01          0.015311     86      -0.043574          1.282311  23.500000
2021-05-01          0.003182     32      -0.021913          0.089010  23.500000
2021-12-01          0.004751     12      -0.005484          0.052212  23.500000
2022-11-01          0.001903    102      -0.018029          0.153255  23.500000
2018-02-01          0.000913    206      -0.039072          0.105580  24.000000
2018-03-01          0.001862     27      -0.003127          0.039469  24.000000
2020-01-01          0.010209     30      -0.008662          0.294262  24.000000
2020-03-01          0.016181     17      -0.008221          0.268271  24.000000
2020-07-01          0.000661    133      -0.077589          0.034703  24.000000
2020-08-01          0.015311     86      -0.043574          1.282311  24.000000
2021-01-01          0.002905     54      -0.024990          0.135266  24.000000
2021-05-01          0.003182     32      -0.021913          0.089010  24.000000
2021-12-01          0.004751     12      -0.005484          0.052212  24.000000
2018-02-01          0.000913    206      -0.039072          0.105580  24.500000
2018-03-01          0.001862     27      -0.003127          0.039469  24.500000
2020-01-01          0.010209     30      -0.008662          0.294262  24.500000
2020-03-01          0.016181     17      -0.008221          0.268271  24.500000
2020-07-01          0.000661    133      -0.077589          0.034703  24.500000
2020-08-01          0.011979     87      -0.045115          1.007357  24.500000
2021-01-01          0.002905     54      -0.024990          0.135266  24.500000
2021-05-01          0.003182     32      -0.021913          0.089010  24.500000
2021-12-01          0.004751     12      -0.005484          0.052212  24.500000
2018-02-01          0.000913    206      -0.039072          0.105580  25.000000
2018-03-01          0.001862     27      -0.003127          0.039469  25.000000
2020-01-01          0.010209     30      -0.008662          0.294262  25.000000
2020-03-01          0.016181     17      -0.008221          0.268271  25.000000
2020-07-01          0.000661    133      -0.077589          0.034703  25.000000
2020-08-01          0.011979     87      -0.045115          1.007357  25.000000
2021-01-01          0.002905     54      -0.024990          0.135266  25.000000
2021-05-01          0.003182     32      -0.021913          0.089010  25.000000
2021-12-01          0.004751     12      -0.005484          0.052212  25.000000